9
10
8
8
9
8
5
9
6
11
8
5
7
7
9
5
13
8
8
9
6
12
6
6
5
6
10
8
4
10
5
9
3
6
10
6
7
8
9
7
5
11
10
10
9
5
3
8
4
6
7
10
6
4
10
10
11
10
7
2
10
7
6
9
10
9
10
5
6
9
9
6
7
8
8
11
6
6
7
6
6
3
9
7
8
7
5
9
8
9
5
8
4
6
7
9
7
7
8
7
8
6
5
5
10
10
6
11
10
8
5
10
6
8
9
9
8
7
6
6
7
9
10
9
9
5
9
12
7
7
8
5
6
7
6
8
11
9
8
9
7
7
5
9
11
6
10
9
3
9
6
7
6
7
9
10
4
12
6
13
8
8
6
6
6
8
10
6
6
4
9
10
8
12
4
6
7
9
12
5
8
5
8
7
11
6
6
6
8
5
7
10
11
10
5
7
11
9
6
5
5
11
7
6
4
7
7
9
8
8
8
9
8
5
5
6
8
9
7
9
12
8
6
7
7
8
9
7
10
8
9
7
11
11
7
9
4
3
6
8
10
4
7
5
7
8
5
9
5
8
9
9
6
7
9
13
7
4
15
6
9
5
6
8
8
11
7
9
8
4
5
12
9
6
8
7
12
7
5
8
5
8
6
6
7
3
9
8
6
10
14
3
7
9
9
3
7
11
11
10
4
5
10
7
6
10
10
2
9
9
6
9
9
10
6
10
6
12
10
8
6
12
5
8
9
6
5
7
5
8
4
4
10
6
4
8
5
10
6
7
10
7
9
10
9
10
